{
    "w": 1200,
    "h": 1600,
    "fl_x": 1210.3679719586319,
    "fl_y": 1234.4439263596164,
    "cx": 599.6894995951992,
    "cy": 811.3884128378637,
    "k1": 0.06407843098276064,
    "k2": -0.0963394995931094,
    "p1": -0.002543973720380381,
    "p2": -0.002435450346175171,
    "camera_model": "OPENCV",
    "frames": [
        {
            "file_path": "images/frame_00001.jpg",
            "transform_matrix": [
                [
                    -0.9385891261805638,
                    0.2821290165935973,
                    -0.19862947971420236,
                    -1.5011143967717893
                ],
                [
                    -0.3288581695424678,
                    -0.9056904118568072,
                    0.2675391227387573,
                    3.2973794222495574
                ],
                [
                    -0.10441626569065993,
                    0.31643023854647045,
                    0.9428516042265831,
                    1.3040902489906272
                ],
                [
                    0.0,
                    0.0,
                    0.0,
                    1.0
                ]
            ],
            "colmap_im_id": 1
        },
        {
            "file_path": "images/frame_00002.jpg",
            "transform_matrix": [
                [
                    0.9901007886559307,
                    0.032376405581934595,
                    0.13657304516081623,
                    0.16101274731216073
                ],
                [
                    0.1373900996370046,
                    -0.024509881783251773,
                    -0.9902137275440616,
                    -2.4863554504025447
                ],
                [
                    -0.0287121720640955,
                    0.9991751768616778,
                    -0.028715450872251275,
                    -3.1872202709414306
                ],
                [
                    0.0,
                    0.0,
                    0.0,
                    1.0
                ]
            ],
            "colmap_im_id": 2
        },
        {
            "file_path": "images/frame_00003.jpg",
            "transform_matrix": [
                [
                    -0.6788179149256308,
                    -0.30109004225151703,
                    0.6697395201367473,
                    2.128328395577651
                ],
                [
                    0.5177799098754448,
                    -0.842995100880232,
                    0.14581915107867494,
                    3.037830029418015
                ],
                [
                    0.5206824399817966,
                    0.445762320467879,
                    0.7281385516134243,
                    0.6273504695756758
                ],
                [
                    0.0,
                    0.0,
                    0.0,
                    1.0
                ]
            ],
            "colmap_im_id": 3
        },
        {
            "file_path": "images/frame_00004.jpg",
            "transform_matrix": [
                [
                    -0.990842757463706,
                    0.07900587190156243,
                    0.10949293213168834,
                    -0.37651959749945685
                ],
                [
                    -0.03819484521630854,
                    -0.9418197352756158,
                    0.3339412224393265,
                    3.496492721422672
                ],
                [
                    0.1295059217975102,
                    0.3267011760775326,
                    0.936212880582688,
                    1.322221811035653
                ],
                [
                    0.0,
                    0.0,
                    0.0,
                    1.0
                ]
            ],
            "colmap_im_id": 4
        },
        {
            "file_path": "images/frame_00005.jpg",
            "transform_matrix": [
                [
                    0.8850608740138551,
                    -0.1713751113592678,
                    0.43277918214307554,
                    1.278798098485846
                ],
                [
                    0.42756492617812086,
                    -0.06820976841756143,
                    -0.9014076000315956,
                    -2.044463639008413
                ],
                [
                    0.18399859562542586,
                    0.9828417973911271,
                    0.012904189585163038,
                    -3.0919169542065124
                ],
                [
                    0.0,
                    0.0,
                    0.0,
                    1.0
                ]
            ],
            "colmap_im_id": 5
        },
        {
            "file_path": "images/frame_00006.jpg",
            "transform_matrix": [
                [
                    -0.791915161866678,
                    0.08752088470293236,
                    0.6043264607366542,
                    1.1825808853832873
                ],
                [
                    0.43907192191850164,
                    -0.6061723657649261,
                    0.663152252778913,
                    1.1963404245270262
                ],
                [
                    0.42436567225503513,
                    0.7905031041835126,
                    0.4416091240993141,
                    1.5826281359629613
                ],
                [
                    0.0,
                    0.0,
                    0.0,
                    1.0
                ]
            ],
            "colmap_im_id": 6
        },
        {
            "file_path": "images/frame_00007.jpg",
            "transform_matrix": [
                [
                    -0.5501891627304141,
                    0.1047911633417166,
                    0.8284387106476213,
                    1.6499326839069262
                ],
                [
                    0.640837396991581,
                    -0.5830735356239688,
                    0.49935226310893677,
                    0.7607751541176323
                ],
                [
                    0.5353683926335755,
                    0.8056327104459287,
                    0.2536466440315891,
                    0.804254745859469
                ],
                [
                    0.0,
                    0.0,
                    0.0,
                    1.0
                ]
            ],
            "colmap_im_id": 7
        },
        {
            "file_path": "images/frame_00008.jpg",
            "transform_matrix": [
                [
                    -0.014846417066660941,
                    0.1298121858606423,
                    0.9914274458084993,
                    1.9191573495782437
                ],
                [
                    0.8157053709511788,
                    -0.5718737112977381,
                    0.08709308886444955,
                    0.04436555739767111
                ],
                [
                    0.5782770371557929,
                    0.8100057127753071,
                    -0.09739822159405308,
                    0.26660160978627095
                ],
                [
                    0.0,
                    0.0,
                    0.0,
                    1.0
                ]
            ],
            "colmap_im_id": 8
        },
        {
            "file_path": "images/frame_00009.jpg",
            "transform_matrix": [
                [
                    -0.2056948998809137,
                    0.47859141082138174,
                    0.853604047349227,
                    2.0672586092868293
                ],
                [
                    0.8431301492412088,
                    -0.3561476730921953,
                    0.4028528098344516,
                    0.5667431527228777
                ],
                [
                    0.4968109898175349,
                    0.8025640762200948,
                    -0.3302570876718728,
                    -0.23963102661868563
                ],
                [
                    0.0,
                    0.0,
                    0.0,
                    1.0
                ]
            ],
            "colmap_im_id": 9
        },
        {
            "file_path": "images/frame_00010.jpg",
            "transform_matrix": [
                [
                    0.5614248411488205,
                    0.15417308085285794,
                    0.8130392419074,
                    1.4008060861367235
                ],
                [
                    0.7230488636197756,
                    -0.5692580645887454,
                    -0.3913382126994844,
                    -0.8849812765122316
                ],
                [
                    0.4024953273755768,
                    0.8075740938397008,
                    -0.4310702893958401,
                    -0.42668053147790164
                ],
                [
                    0.0,
                    0.0,
                    0.0,
                    1.0
                ]
            ],
            "colmap_im_id": 10
        },
        {
            "file_path": "images/frame_00011.jpg",
            "transform_matrix": [
                [
                    0.8185643351216443,
                    0.12794949413436735,
                    0.5599833535183166,
                    0.7376391631360801
                ],
                [
                    0.5092498459847696,
                    -0.612650259733871,
                    -0.6044205933061089,
                    -1.9560955310811972
                ],
                [
                    0.26573863782173,
                    0.7799285776266822,
                    -0.5666519127029146,
                    -0.535276623425348
                ],
                [
                    0.0,
                    0.0,
                    0.0,
                    1.0
                ]
            ],
            "colmap_im_id": 11
        },
        {
            "file_path": "images/frame_00012.jpg",
            "transform_matrix": [
                [
                    0.9671235932210198,
                    0.12951752338110278,
                    0.2188542130562917,
                    -0.058106941721161015
                ],
                [
                    0.2515980985008253,
                    -0.6125784203447305,
                    -0.7492970544174874,
                    -2.1829966263008957
                ],
                [
                    0.03701826935490404,
                    0.7797261635120241,
                    -0.6250254056186737,
                    -0.6317375331980514
                ],
                [
                    0.0,
                    0.0,
                    0.0,
                    1.0
                ]
            ],
            "colmap_im_id": 12
        },
        {
            "file_path": "images/frame_00013.jpg",
            "transform_matrix": [
                [
                    0.9718511722007336,
                    0.11201608272970555,
                    -0.20726238515937168,
                    -0.6063764761286657
                ],
                [
                    -0.09560640904964626,
                    -0.6165304664822484,
                    -0.7815047014879776,
                    -1.640336206383127
                ],
                [
                    -0.21532467030206198,
                    0.7793218725976276,
                    -0.5884664011226429,
                    -0.8713984369302599
                ],
                [
                    0.0,
                    0.0,
                    0.0,
                    1.0
                ]
            ],
            "colmap_im_id": 13
        },
        {
            "file_path": "images/frame_00014.jpg",
            "transform_matrix": [
                [
                    0.8390637157857541,
                    0.10402579824510666,
                    -0.5339950506805018,
                    -1.633157319996332
                ],
                [
                    -0.3744468143266246,
                    -0.601633273485381,
                    -0.7055685561842356,
                    -2.077786400008351
                ],
                [
                    -0.39466652263961477,
                    0.7919697200870328,
                    -0.46585652123032617,
                    -0.33239479730656996
                ],
                [
                    0.0,
                    0.0,
                    0.0,
                    1.0
                ]
            ],
            "colmap_im_id": 14
        },
        {
            "file_path": "images/frame_00015.jpg",
            "transform_matrix": [
                [
                    0.6027257267316607,
                    0.08985319439105516,
                    -0.7928733201423256,
                    -1.5636466091004486
                ],
                [
                    -0.5950816741156788,
                    -0.6113572388379668,
                    -0.5216513468324397,
                    -1.161307388454575
                ],
                [
                    -0.5316008836217943,
                    0.7862370698320833,
                    -0.3150107467284044,
                    -0.2723240411559412
                ],
                [
                    0.0,
                    0.0,
                    0.0,
                    1.0
                ]
            ],
            "colmap_im_id": 15
        },
        {
            "file_path": "images/frame_00016.jpg",
            "transform_matrix": [
                [
                    0.16539216738445042,
                    0.09403281130795224,
                    -0.9817348223249486,
                    -2.325699258485556
                ],
                [
                    -0.7801986157131595,
                    -0.5964331610699443,
                    -0.18856724109819561,
                    -0.7026621225100009
                ],
                [
                    -0.6032707112127565,
                    0.7971356940782651,
                    -0.02528110399523649,
                    0.6539619099707696
                ],
                [
                    0.0,
                    0.0,
                    0.0,
                    1.0
                ]
            ],
            "colmap_im_id": 16
        },
        {
            "file_path": "images/frame_00018.jpg",
            "transform_matrix": [
                [
                    -0.5786096532421021,
                    0.09046040316689258,
                    -0.8105725042424885,
                    -1.7606885132758554
                ],
                [
                    -0.6906909708910939,
                    -0.5829040094348877,
                    0.4279823577137867,
                    0.4633133030660849
                ],
                [
                    -0.4337705060335175,
                    0.80748983352338,
                    0.39975407046309175,
                    1.4904285082256898
                ],
                [
                    0.0,
                    0.0,
                    0.0,
                    1.0
                ]
            ],
            "colmap_im_id": 18
        },
        {
            "file_path": "images/frame_00019.jpg",
            "transform_matrix": [
                [
                    -0.7949218391980989,
                    0.09286771581384942,
                    -0.5995622210625265,
                    -1.1419080847695042
                ],
                [
                    -0.531111244253266,
                    -0.5842302263339433,
                    0.6136740901044603,
                    1.1349978879271028
                ],
                [
                    -0.293291861110498,
                    0.8062571736098275,
                    0.513740454129352,
                    1.4756159920422827
                ],
                [
                    0.0,
                    0.0,
                    0.0,
                    1.0
                ]
            ],
            "colmap_im_id": 19
        },
        {
            "file_path": "images/frame_00021.jpg",
            "transform_matrix": [
                [
                    -0.9741941899248829,
                    0.12085621882360553,
                    0.190629102416875,
                    0.19800275411801863
                ],
                [
                    0.08326846186994798,
                    -0.5925596724284656,
                    0.8012112067796381,
                    1.2785131304589687
                ],
                [
                    0.2097904754139608,
                    0.796408694693328,
                    0.5672046786147431,
                    1.7828394456389356
                ],
                [
                    0.0,
                    0.0,
                    0.0,
                    1.0
                ]
            ],
            "colmap_im_id": 21
        },
        {
            "file_path": "images/frame_00022.jpg",
            "transform_matrix": [
                [
                    -0.9794979942873612,
                    0.023068253398479958,
                    0.20012879570960765,
                    0.6441889247876857
                ],
                [
                    0.05071372806664952,
                    -0.9331940299172733,
                    0.3557766438544553,
                    3.8471302125926377
                ],
                [
                    0.19496614314443492,
                    0.35863178639365234,
                    0.9128918034550867,
                    0.9051768759487825
                ],
                [
                    0.0,
                    0.0,
                    0.0,
                    1.0
                ]
            ],
            "colmap_im_id": 22
        },
        {
            "file_path": "images/frame_00023.jpg",
            "transform_matrix": [
                [
                    -0.9153108452046202,
                    -0.10725546198993444,
                    0.38820397025806846,
                    1.6963161111566682
                ],
                [
                    0.2369730974741594,
                    -0.9228008704146007,
                    0.303780026722555,
                    3.317355263376047
                ],
                [
                    0.3256528945431072,
                    0.3700470502995264,
                    0.8700663037035252,
                    0.5163604239527112
                ],
                [
                    0.0,
                    0.0,
                    0.0,
                    1.0
                ]
            ],
            "colmap_im_id": 23
        },
        {
            "file_path": "images/frame_00024.jpg",
            "transform_matrix": [
                [
                    -0.7056483287003736,
                    -0.32631566255270017,
                    0.6289503355394306,
                    2.4956037885656173
                ],
                [
                    0.5141241683706269,
                    -0.8466103654551541,
                    0.13757626467200665,
                    2.7313925725113366
                ],
                [
                    0.4875825834662076,
                    0.4204390294402779,
                    0.7651759580800589,
                    -0.020526554896417085
                ],
                [
                    0.0,
                    0.0,
                    0.0,
                    1.0
                ]
            ],
            "colmap_im_id": 24
        },
        {
            "file_path": "images/frame_00025.jpg",
            "transform_matrix": [
                [
                    -0.35761048018546576,
                    -0.47653450837593964,
                    0.8031373523802904,
                    3.042252165234981
                ],
                [
                    0.7196262873066968,
                    -0.6887334690230471,
                    -0.08822819994003882,
                    1.7719086561644306
                ],
                [
                    0.5951913566901831,
                    0.5464074221443015,
                    0.5892250656132326,
                    -0.7080449715542054
                ],
                [
                    0.0,
                    0.0,
                    0.0,
                    1.0
                ]
            ],
            "colmap_im_id": 25
        },
        {
            "file_path": "images/frame_00026.jpg",
            "transform_matrix": [
                [
                    0.012713457543484116,
                    -0.5169270175688431,
                    0.8559350597473335,
                    3.110243036642182
                ],
                [
                    0.8094469017339287,
                    -0.4972420691194583,
                    -0.3123236109728873,
                    0.8439403823289374
                ],
                [
                    0.5870554328771976,
                    0.6968046951658555,
                    0.4121033068590756,
                    -1.3770453238479294
                ],
                [
                    0.0,
                    0.0,
                    0.0,
                    1.0
                ]
            ],
            "colmap_im_id": 26
        },
        {
            "file_path": "images/frame_00027.jpg",
            "transform_matrix": [
                [
                    0.3765204227178422,
                    -0.4510753540284663,
                    0.8091745153330472,
                    2.854177274105982
                ],
                [
                    0.7777376296380109,
                    -0.3206637276190199,
                    -0.5406467915696193,
                    -0.30400193341572945
                ],
                [
                    0.5033453592926291,
                    0.8328900280214484,
                    0.23008183435683355,
                    -2.1340957748363447
                ],
                [
                    0.0,
                    0.0,
                    0.0,
                    1.0
                ]
            ],
            "colmap_im_id": 27
        },
        {
            "file_path": "images/frame_00028.jpg",
            "transform_matrix": [
                [
                    0.6553077445197774,
                    -0.34485310097874017,
                    0.6720476908060533,
                    2.2911719213240964
                ],
                [
                    0.6602582384982806,
                    -0.17067060738068154,
                    -0.7313895010672882,
                    -1.214873877515758
                ],
                [
                    0.36692072504500145,
                    0.9230102288282921,
                    0.11585033021443782,
                    -2.6852339600376327
                ],
                [
                    0.0,
                    0.0,
                    0.0,
                    1.0
                ]
            ],
            "colmap_im_id": 28
        },
        {
            "file_path": "images/frame_00029.jpg",
            "transform_matrix": [
                [
                    0.8849542543946165,
                    -0.1714987426941908,
                    0.43294820577429377,
                    1.2793888880653466
                ],
                [
                    0.4278056399901935,
                    -0.06785244410929996,
                    -0.901320353825972,
                    -2.0475627389207784
                ],
                [
                    0.18395190138035933,
                    0.9828449659446327,
                    0.013321820290203807,
                    -3.0901489993949762
                ],
                [
                    0.0,
                    0.0,
                    0.0,
                    1.0
                ]
            ],
            "colmap_im_id": 29
        },
        {
            "file_path": "images/frame_00030.jpg",
            "transform_matrix": [
                [
                    0.9900528542154275,
                    0.0323833584855885,
                    0.13691845731339236,
                    0.16163234235797022
                ],
                [
                    0.13772146128698,
                    -0.02401313711191991,
                    -0.9901798666641444,
                    -2.4895645244121933
                ],
                [
                    -0.028777507898778174,
                    0.9991870131958472,
                    -0.028234158388338086,
                    -3.1844710009963304
                ],
                [
                    0.0,
                    0.0,
                    0.0,
                    1.0
                ]
            ],
            "colmap_im_id": 30
        },
        {
            "file_path": "images/frame_00031.jpg",
            "transform_matrix": [
                [
                    0.9624462746670168,
                    0.2309108978382372,
                    -0.14274917036228493,
                    -1.2099435332470234
                ],
                [
                    -0.14625569997719298,
                    -0.0019515510729303783,
                    -0.989244894691194,
                    -2.3874692072837886
                ],
                [
                    -0.2287060091116164,
                    0.9729729434614042,
                    0.0318937719357292,
                    -2.9456643264897777
                ],
                [
                    0.0,
                    0.0,
                    0.0,
                    1.0
                ]
            ],
            "colmap_im_id": 31
        },
        {
            "file_path": "images/frame_00032.jpg",
            "transform_matrix": [
                [
                    0.7945031893954398,
                    0.4304644010026359,
                    -0.42832824038337125,
                    -2.408743831979417
                ],
                [
                    -0.45028393325748006,
                    -0.0556437411451346,
                    -0.8911499051907856,
                    -1.968800500201842
                ],
                [
                    -0.4074420958745506,
                    0.9008907667086031,
                    0.14962207380108852,
                    -2.429175245622125
                ],
                [
                    0.0,
                    0.0,
                    0.0,
                    1.0
                ]
            ],
            "colmap_im_id": 32
        },
        {
            "file_path": "images/frame_00033.jpg",
            "transform_matrix": [
                [
                    0.5119930762629694,
                    0.575040299742448,
                    -0.6381157759614606,
                    -3.190210916540971
                ],
                [
                    -0.6747890756535582,
                    -0.190425203384524,
                    -0.7130202979541184,
                    -1.2333839920383565
                ],
                [
                    -0.5315287322783204,
                    0.795655010408455,
                    0.2905345266479071,
                    -1.7417170863692728
                ],
                [
                    0.0,
                    0.0,
                    0.0,
                    1.0
                ]
            ],
            "colmap_im_id": 33
        },
        {
            "file_path": "images/frame_00034.jpg",
            "transform_matrix": [
                [
                    0.23237189599788294,
                    0.6513048104740676,
                    -0.7223609525740495,
                    -3.5439227451406965
                ],
                [
                    -0.7658672470472995,
                    -0.3352796266553141,
                    -0.5486665033060282,
                    -0.34398664481945646
                ],
                [
                    -0.5995420434386065,
                    0.6807272697661026,
                    0.4209034596510796,
                    -1.0791045062795117
                ],
                [
                    0.0,
                    0.0,
                    0.0,
                    1.0
                ]
            ],
            "colmap_im_id": 34
        },
        {
            "file_path": "images/frame_00035.jpg",
            "transform_matrix": [
                [
                    -0.23727604394333554,
                    0.6509968433037164,
                    -0.7210431256028975,
                    -3.690419464299773
                ],
                [
                    -0.8010019951443309,
                    -0.5510609614453733,
                    -0.2339393522811021,
                    0.8254225679515164
                ],
                [
                    -0.5496324978978232,
                    0.5220487781610996,
                    0.6522033352223079,
                    -0.2102298962367815
                ],
                [
                    0.0,
                    0.0,
                    0.0,
                    1.0
                ]
            ],
            "colmap_im_id": 35
        },
        {
            "file_path": "images/frame_00036.jpg",
            "transform_matrix": [
                [
                    -0.5104548086797057,
                    0.5883290995003513,
                    -0.6271401430118069,
                    -3.333939477460348
                ],
                [
                    -0.7309176580725573,
                    -0.6810473056069312,
                    -0.04397663747112627,
                    1.798493041636465
                ],
                [
                    -0.4529848401585777,
                    0.4359397185467786,
                    0.777663999668149,
                    0.4387344048154813
                ],
                [
                    0.0,
                    0.0,
                    0.0,
                    1.0
                ]
            ],
            "colmap_im_id": 36
        },
        {
            "file_path": "images/frame_00037.jpg",
            "transform_matrix": [
                [
                    -0.7731536973244472,
                    0.45064194058976437,
                    -0.4462680827653145,
                    -2.5209337355045833
                ],
                [
                    -0.5566879821721241,
                    -0.8193314194804002,
                    0.13709309084473234,
                    2.6150567239883022
                ],
                [
                    -0.30386156522118274,
                    0.35442610856668577,
                    0.8843360688944046,
                    0.919901339594266
                ],
                [
                    0.0,
                    0.0,
                    0.0,
                    1.0
                ]
            ],
            "colmap_im_id": 37
        },
        {
            "file_path": "images/frame_00038.jpg",
            "transform_matrix": [
                [
                    -0.9385461020248991,
                    0.2822113579369439,
                    -0.19871578655269018,
                    -1.5002179938313434
                ],
                [
                    -0.32890800300518297,
                    -0.9058255327363983,
                    0.26701990525420183,
                    3.2959452932586557
                ],
                [
                    -0.10464578315924057,
                    0.3159697037600384,
                    0.9429805970287952,
                    1.3080694443718448
                ],
                [
                    0.0,
                    0.0,
                    0.0,
                    1.0
                ]
            ],
            "colmap_im_id": 38
        },
        {
            "file_path": "images/frame_00039.jpg",
            "transform_matrix": [
                [
                    -0.9908648298790911,
                    0.0789759553006995,
                    0.1093146257049924,
                    -0.37490476487941726
                ],
                [
                    -0.03827240219479381,
                    -0.9419367881279161,
                    0.3336020239769322,
                    3.495928801022478
                ],
                [
                    0.1293140059657909,
                    0.32637077941446807,
                    0.9363546348502111,
                    1.325774085569021
                ],
                [
                    0.0,
                    0.0,
                    0.0,
                    1.0
                ]
            ],
            "colmap_im_id": 39
        },
        {
            "file_path": "images/frame_00040.jpg",
            "transform_matrix": [
                [
                    -0.8764923058157298,
                    -0.16947184811697583,
                    0.4506001892383546,
                    1.0591833309582652
                ],
                [
                    0.31589181439996405,
                    -0.9087698271520724,
                    0.2726715292308502,
                    3.3552431475954183
                ],
                [
                    0.3632817081011965,
                    0.3813354087333207,
                    0.8500645308476692,
                    1.0112785885667128
                ],
                [
                    0.0,
                    0.0,
                    0.0,
                    1.0
                ]
            ],
            "colmap_im_id": 40
        },
        {
            "file_path": "images/frame_00041.jpg",
            "transform_matrix": [
                [
                    -0.6789905490137441,
                    -0.301414678034999,
                    0.6694184238688646,
                    2.1300383540239713
                ],
                [
                    0.517771931872589,
                    -0.8430404155766065,
                    0.14558531611859696,
                    3.0359385665537926
                ],
                [
                    0.5204652350685338,
                    0.4454571242773895,
                    0.7284805347540695,
                    0.6305495124978515
                ],
                [
                    0.0,
                    0.0,
                    0.0,
                    1.0
                ]
            ],
            "colmap_im_id": 41
        },
        {
            "file_path": "images/frame_00042.jpg",
            "transform_matrix": [
                [
                    -0.84932643309813,
                    -0.013080185287765542,
                    0.5277059017991405,
                    0.8843292597797319
                ],
                [
                    0.3776887000979442,
                    -0.7134580162297814,
                    0.5901939553195961,
                    0.50622191784051
                ],
                [
                    0.3687761595590633,
                    0.7005758829922013,
                    0.6108989902680847,
                    2.588970332089532
                ],
                [
                    0.0,
                    0.0,
                    0.0,
                    1.0
                ]
            ],
            "colmap_im_id": 42
        },
        {
            "file_path": "images/frame_00043.jpg",
            "transform_matrix": [
                [
                    -0.8154946955628715,
                    -0.020734392387809532,
                    0.578393020774911,
                    1.01449341250633
                ],
                [
                    0.4169686386331515,
                    -0.7141138459874962,
                    0.5622975807927343,
                    0.47913494499804965
                ],
                [
                    0.401379565879025,
                    0.6997224449317417,
                    0.5910016447976355,
                    2.6495855959411836
                ],
                [
                    0.0,
                    0.0,
                    0.0,
                    1.0
                ]
            ],
            "colmap_im_id": 43
        },
        {
            "file_path": "images/frame_00044.jpg",
            "transform_matrix": [
                [
                    -0.7256759559520768,
                    -0.05447666870319441,
                    0.6858765920484828,
                    1.332565514535029
                ],
                [
                    0.5164293742042773,
                    -0.701826636854374,
                    0.49065270126705324,
                    0.3212580633804247
                ],
                [
                    0.4546373372392736,
                    0.710261687245399,
                    0.5374320675390536,
                    2.45978884359466
                ],
                [
                    0.0,
                    0.0,
                    0.0,
                    1.0
                ]
            ],
            "colmap_im_id": 44
        },
        {
            "file_path": "images/frame_00045.jpg",
            "transform_matrix": [
                [
                    -0.5417167404523866,
                    -0.10230932358014462,
                    0.8343115577661696,
                    1.4859875405001222
                ],
                [
                    0.6544611936271261,
                    -0.6741917603030875,
                    0.34226600236596655,
                    -0.03408213729542785
                ],
                [
                    0.5274689745850428,
                    0.7314357611219163,
                    0.43217844486069146,
                    2.149106500124347
                ],
                [
                    0.0,
                    0.0,
                    0.0,
                    1.0
                ]
            ],
            "colmap_im_id": 45
        },
        {
            "file_path": "images/frame_00046.jpg",
            "transform_matrix": [
                [
                    -0.3014857577882558,
                    -0.11317119958528972,
                    0.9467304882780885,
                    1.7836280549755628
                ],
                [
                    0.7511175668747421,
                    -0.639802578170418,
                    0.1627115905479818,
                    -0.45683368040327904
                ],
                [
                    0.5873063413441141,
                    0.7601611280188647,
                    0.27789624118738676,
                    1.8311720234264377
                ],
                [
                    0.0,
                    0.0,
                    0.0,
                    1.0
                ]
            ],
            "colmap_im_id": 46
        },
        {
            "file_path": "images/frame_00047.jpg",
            "transform_matrix": [
                [
                    -0.07409682341127216,
                    -0.12838848272846798,
                    0.9889519999792911,
                    1.832954828974371
                ],
                [
                    0.8136708686879243,
                    -0.5811454126469562,
                    -0.014481947660337958,
                    -0.8418976379660942
                ],
                [
                    0.5765842334030616,
                    0.8036083665953715,
                    0.14752699728836985,
                    1.5540945431620663
                ],
                [
                    0.0,
                    0.0,
                    0.0,
                    1.0
                ]
            ],
            "colmap_im_id": 47
        },
        {
